INDEX AUCTORUM

· ln 111111 An 11111. 1111111111.

411111111011111111361. 41111111· 11111113 ’”349. 370.
4111411111111111415. 381. 8. 393. . 405. 419.
,4111111111ωοῑῆ 413. 430. 4111433451. ’
4111111111 0111 357. 393. 41111 appendicia 111 Marcellinum
Aemilius 3111111368. 349. 356. 438.
431111436. 41111 descriptionis 111111 01). 381.
41111111 Pnpn 377. 467. 445. 460. ⁴
411111110111111111483. 435. 439. 411111 1111111111 8. 8111111371. 883.
41111111 nimrim 347. 360. 361. 400.

875. 397. 399. 400. 401. 410. 430. ,411111 1116 31111111 468.

431. 439. 448. 454. 455. 411111 11111 (1111111396. 427.
4111111111 357. 330. 394. 408411. 411116111811111111466.

418. 437. 411111 11111 S. Niii 424.
4111111111 1111111111. 354. 367. 368. Basilina Cilix 360.

{g} 384. 406. 434. 435. 438. 441. {imam ἓξὲς11411115356.

. . 111111 . .

Andrean 41111111 360. 364. 363. 397. 011111· 8111111111 355. 365. 393. 405.
41111111. Epigmm. 372. 431. 449. 0111111111 373.

4111111111 11111372. 01111111111465.

Antonius Augustinus 445. (11111111111 360. 364. 365. 418.
41111111311111111111353. 438. 432. mmm. 447.
41111111011111111438.445.448. 0111111111111353.

41111111111455. christophorus 31111111 358. 410.
4111111111 Uvion 358. 870. 416. chronicon Alexandrinum 361. 374.
Athenaeus 379. 455. 376. 377. 383. 392. 397. 405. 406.
nunnius 851. 366. 411. 457. 460. 465.

 

