ΔΙ) HIST. 1110111111. 581

iginiiinsaiiennne 858. fflfflfflffi. 468.
Leontinsmagnennnee 858. 8311331333 405.
Leontius Ponte 445. 8313403851. 424.

Leontina Scholastica· 898. 896. 83313311339331. 871.
Leontius Tri 11133333 894. 83313343331133 876

1338133613 58. Sibyll· 442
11633133452. ” 81333381313313333133855. 885. 458.
Liberatus Diaconn 850. 481. 488. Smin 430·

460. 461. 468. 8333333333 854. 480. 481.
1363333871. 8313030113 namins.
Marcellinus eones 859. 859. 865. Stephanus Byzantius 898.

868. 870. 879. 877. 890. 898. 418. Suetonium. 876. 881. 445. 465.
419. 486. 457. 831833841848. 849. 854. 880. 884.

Marcianus imp. 886. 404. 895. 408. 428.ι 481. 488448451.
Matthaeus 1133133333 875. 405. 454. ’
Menander Protector 875. 400. 401. 8 333133 879. 415. 457. 459. 466.

407. 419. 467. 468. 3313183333 880
1813331333393131333133848. 851864. Theodorus hector 858. 856. 8611. x

867 890 481 486 447 454 868 864. 884. 418. 450.

Nicepinorui 03111311 1848.. 868. 878. Theodorus mopsuestenus 878.
494485. 464. , ‘fnodorus Studien 851. 455.

Ninnium 93 gomenne 458. Theophanen Byzantina 857. 418.

Octavian osbergh 857. 859. 868. 400·
’ 884. 401. 468. 'recepi-nn 13333333 854. 855. 859.

onnpnnum· 331333. 333. 3313333333. 333. ainans.

onuphrius 9333131333 857. 859. 868. 888888. 885. 891. 404. 405. 406.
416. 408. 409. 411. 419. 470. 425. 486.

03113 Ronanus 898. 480. 481. 488. 485. 489. 441. 441.
9331333 Assemeneie 488. 444. 448450. 458. 454. 458. 460.
biiii mm ΒΜ ω’ 43⁵⁸ Tffiiiiiue Praeceptor 1331131331
9333133 8133633133 895. 481. 868. 868. 871. 888. 884. 415.

Petrus Crinitus 856. 418.
Ρ31333301111333448. 8133363133133-811333113 419. 446.

Petrus Pithoeus 848. 459. 441460. .
Philostratus 816. “ Valerius Maxime 465.

91331133 8313133313 847. 851. 890. 0333133312.
418. = Vietor Tunneneie 850. 857. 859. 868.

Pitonius Tyrius 467. 867. 871. 878. 888. 891. 898. 896.
Plinius 876. 881. 486. 465. 418. 419. 425. 488. 441. 460. 468.

Plutarchus 866. 465. Virgilius 445.
Pomponius Laetus 860. volumen ex corticibne 457

9333331333, singuiis paginis. Vopiscue 855. 458.

Provineinie Ecclesiae 0313331. 898. zacharias 11131. 860. 871.

Prudentius 860. Zonaras 860. 868. 868. 870. 871.
Peeudogoniienue 879. 898. 480. 878. 877. 895. 899. 409. 485. 487.

1133133311 9313133333133 857. 858. 487. 442. 457. 459. 461.
Regum 11631415. 83313333 11131. 446. 447. 455.

 

