777777777777

m

’.77777777 777, 777, 77. 77777. ,77 7 7. ,7 «nea.
66777767 77777671, 161, 8. 677 ΙΙ, 111, 8. 76687’ 77 71777-
6777 eum superlativum 118,11 m ΙΙ, 166, 11. 767 77 6777177
777αῆ7777777111166,18.111,’.1 ΙΙ,168,11.176.17.71 7Η887
1191161711.. 811711711111618
1181817.181111918.177, 67(1.7.667).67767176ῃ1,68,
7777777177. 717777. 7.777,7.,,777777777777,
66,.1.69,.,1817ω,7.91,18. 4- 1Ν6,6.618,17ΙΙΙ,
169, 6. 2861. 176161911. 116, 1. 67 7677’ 77177
6767777Ι,17Ι,7. Ι,16,16.(78177χ7177.)26,9.
6 ,7177777111 157, 18. 86. 17. 110,18.189,11.160,7.
662669200111. 81, 11. (76 977.)166,18.186,16666,
67777777 ΙΙΙ 119, 6. 17. 68819. 801,11. 819,
66776677777711, 608, 6. 7. 85111. 878, 6. ¹¹:
atessam 6777711911. 17710. 189,17. 8716.
tm 7776668, 11. ΙΙΙ,
6. 6818. 61,11. 76,
8 6. 96,1. 111118.
,77777

60,
1
1

αἰ67ῑ8686878α66781818688,8. 8 7,
dnutoiyytloe ΙΙ, 668, 8. 186.
67777777, ,Ι.,Ι 89,9. 181771. 77
67776ἡ71778711,616,.1 7717777777 11.'6. 1ss 18 ..10 181718,
..1111111111 11667166161111
77777777777777777777777Ι10617. 9817. 96, 818. 98,6. 117,
867,18.ΙΙ,161,7. 118,17.11Ι,.8 116 16..6 188,
6767671868 c1 ι608888 16 ΙΙ, 891, 10. 86 67887667 8188176677 81868, 81
ἀμύθητος. ὀλίγῳ 6776677 777776 119, 10 1616166111 256,1
67 ¹ ’76687787 ΙΙ, 110, 19. 1688818189 18118191887 81788
6μφισβητεί7 77767 878 10. ΙΙΙ, 71, 18. 98, 16. 767
8711111111 111161616ξὲ 7..”1,11ξ.1.,6.11,16.11677,7
7777777777 ΙΙ, 16616. 767 777 6776776711116, 10.

1....
«7766777677 77717676677777 777· 899ζ6. (
1 88.

1,
1, 1
81.

1 w..

8.
8.
1,
6.
9.

 

